{
 "cells": [
  {
   "cell_type": "markdown",
   "id": "cf10672d-7108-4cec-b318-499f1682b1f0",
   "metadata": {},
   "source": [
    "### I have included the calculations I used Python for aswell in this Notebook"
   ]
  },
  {
   "cell_type": "markdown",
   "id": "71e18fd4-558e-4bae-b3fb-6ad5f8df55b6",
   "metadata": {},
   "source": [
    "# Q 4 b)"
   ]
  },
  {
   "cell_type": "code",
   "execution_count": 540,
   "id": "e0f656c5-7b70-4e45-b8e6-87c1bb91cc6e",
   "metadata": {},
   "outputs": [],
   "source": [
    "import numpy as np"
   ]
  },
  {
   "cell_type": "code",
   "execution_count": 542,
   "id": "6124b0bf-6b88-4a33-bf16-923a9e947ca5",
   "metadata": {},
   "outputs": [],
   "source": [
    "A = np.array([[2,1,3],[1,9,1],[4,6,5]])\n",
    "n = A.shape[0]"
   ]
  },
  {
   "cell_type": "code",
   "execution_count": 544,
   "id": "bcc365b9-dc81-45a8-bf1c-226b51c239d5",
   "metadata": {},
   "outputs": [],
   "source": [
    "U = np.array(A,dtype = float)\n",
    "L = np.identity(n)\n",
    "\n",
    "for j in range(0,n):\n",
    "    for i in range(j+1,n):\n",
    "        L[i,j] = (U[i,j]/U[j,j])\n",
    "        U[i,:] = U[i,:] - L[i,j]*U[j,:]"
   ]
  },
  {
   "cell_type": "code",
   "execution_count": 546,
   "id": "1439e1f9-d765-44cd-a4e1-842e428e1aae",
   "metadata": {},
   "outputs": [
    {
     "data": {
      "text/plain": [
       "array([[1.        , 0.        , 0.        ],\n",
       "       [0.5       , 1.        , 0.        ],\n",
       "       [2.        , 0.47058824, 1.        ]])"
      ]
     },
     "execution_count": 546,
     "metadata": {},
     "output_type": "execute_result"
    }
   ],
   "source": [
    "L"
   ]
  },
  {
   "cell_type": "code",
   "execution_count": 548,
   "id": "30ef1f62-166a-430c-a15a-aa221f210be4",
   "metadata": {},
   "outputs": [
    {
     "data": {
      "text/plain": [
       "array([[ 2.        ,  1.        ,  3.        ],\n",
       "       [ 0.        ,  8.5       , -0.5       ],\n",
       "       [ 0.        ,  0.        , -0.76470588]])"
      ]
     },
     "execution_count": 548,
     "metadata": {},
     "output_type": "execute_result"
    }
   ],
   "source": [
    "U"
   ]
  },
  {
   "cell_type": "code",
   "execution_count": 550,
   "id": "1889d38c-548f-450e-a7ed-074aa9334433",
   "metadata": {},
   "outputs": [
    {
     "data": {
      "text/plain": [
       "array([[2, 1, 3],\n",
       "       [1, 9, 1],\n",
       "       [4, 6, 5]])"
      ]
     },
     "execution_count": 550,
     "metadata": {},
     "output_type": "execute_result"
    }
   ],
   "source": [
    "A"
   ]
  },
  {
   "cell_type": "code",
   "execution_count": 552,
   "id": "2ccba973-6965-47cc-8f60-7d9f54278da5",
   "metadata": {},
   "outputs": [
    {
     "data": {
      "text/plain": [
       "array([[2., 1., 3.],\n",
       "       [1., 9., 1.],\n",
       "       [4., 6., 5.]])"
      ]
     },
     "execution_count": 552,
     "metadata": {},
     "output_type": "execute_result"
    }
   ],
   "source": [
    "L@U"
   ]
  },
  {
   "cell_type": "markdown",
   "id": "fef29970-6a4e-4fd7-ab23-f6c7a69548e9",
   "metadata": {},
   "source": [
    "# Q 4c)"
   ]
  },
  {
   "cell_type": "code",
   "execution_count": 555,
   "id": "f7acfab9-75dc-427f-9c66-a6c2380325e2",
   "metadata": {},
   "outputs": [],
   "source": [
    "A = np.array([[2,1,3],[1,9,1],[4,6,5]])\n",
    "n = A.shape[0]"
   ]
  },
  {
   "cell_type": "markdown",
   "id": "23702217-de33-437f-9455-ebfc3add5ee8",
   "metadata": {},
   "source": [
    "### Logic need n elemtary matrices E"
   ]
  },
  {
   "cell_type": "code",
   "execution_count": 558,
   "id": "9cd95115-6564-46f0-9bed-c0f24c18f719",
   "metadata": {},
   "outputs": [],
   "source": [
    "def E2(i,j,c):\n",
    "    e2 = np.identity(n)\n",
    "    e2[i, j] = c\n",
    "    return e2   "
   ]
  },
  {
   "cell_type": "code",
   "execution_count": 560,
   "id": "3b708644-9f6a-43f5-9ea2-f812094e9b58",
   "metadata": {},
   "outputs": [
    {
     "data": {
      "text/plain": [
       "array([[ 1. ,  0. ,  0. ],\n",
       "       [-0.5,  1. ,  0. ],\n",
       "       [ 0. ,  0. ,  1. ]])"
      ]
     },
     "execution_count": 560,
     "metadata": {},
     "output_type": "execute_result"
    }
   ],
   "source": [
    "E2(1,0,-1/2)"
   ]
  },
  {
   "cell_type": "code",
   "execution_count": 562,
   "id": "df9ff859-9fce-4680-a66a-42d42407a356",
   "metadata": {},
   "outputs": [
    {
     "data": {
      "text/plain": [
       "array([[ 1.,  0.,  0.],\n",
       "       [ 0.,  1.,  0.],\n",
       "       [-2.,  0.,  1.]])"
      ]
     },
     "execution_count": 562,
     "metadata": {},
     "output_type": "execute_result"
    }
   ],
   "source": [
    "E2(2,0,-2)"
   ]
  },
  {
   "cell_type": "code",
   "execution_count": 564,
   "id": "6ab69e6e-4157-49c4-94c3-803bf416480c",
   "metadata": {},
   "outputs": [
    {
     "data": {
      "text/plain": [
       "array([[ 1.        ,  0.        ,  0.        ],\n",
       "       [ 0.        ,  1.        ,  0.        ],\n",
       "       [ 0.        , -0.47058824,  1.        ]])"
      ]
     },
     "execution_count": 564,
     "metadata": {},
     "output_type": "execute_result"
    }
   ],
   "source": [
    "E2(2,1,-8/17)"
   ]
  },
  {
   "cell_type": "markdown",
   "id": "37e8977e-13e5-417c-ab27-81516f724624",
   "metadata": {},
   "source": [
    "# $$E_{21}E_{31}E_{32}A=U$$\n",
    "# $$ A=(E_{32})^{-1}(E_{31})^{-1}(E_{21})^{-1}U$$\n",
    "# $$ L= (E_{32})^{-1}(E_{31})^{-1}(E_{21})^{-1}$$\n",
    "### Inverse of identity matrix with one other entry. Just change sign of other entry"
   ]
  },
  {
   "cell_type": "code",
   "execution_count": 567,
   "id": "69750ea6-0f82-45a6-960f-9c5f4527c5f5",
   "metadata": {},
   "outputs": [
    {
     "data": {
      "text/plain": [
       "array([[1.        , 0.        , 0.        ],\n",
       "       [0.5       , 1.        , 0.        ],\n",
       "       [2.        , 0.47058824, 1.        ]])"
      ]
     },
     "execution_count": 567,
     "metadata": {},
     "output_type": "execute_result"
    }
   ],
   "source": [
    "L=E2(1,0,1/2)@E2(2,0,2)@E2(2,1,8/17)\n",
    "L"
   ]
  },
  {
   "cell_type": "code",
   "execution_count": 569,
   "id": "ba0ace9b-997d-48d4-8ec5-30594f8a376e",
   "metadata": {},
   "outputs": [
    {
     "data": {
      "text/plain": [
       "array([[ 2.        ,  1.        ,  3.        ],\n",
       "       [ 0.        ,  8.5       , -0.5       ],\n",
       "       [ 0.        ,  0.        , -0.76470588]])"
      ]
     },
     "execution_count": 569,
     "metadata": {},
     "output_type": "execute_result"
    }
   ],
   "source": [
    "U = E2(2,1,-8/17)@E2(2,0,-2)@E2(1,0,-1/2)@A\n",
    "U"
   ]
  },
  {
   "cell_type": "code",
   "execution_count": 571,
   "id": "d8a863a4-8eb8-4948-bed9-63fc6811e316",
   "metadata": {},
   "outputs": [
    {
     "data": {
      "text/plain": [
       "array([[2., 1., 3.],\n",
       "       [1., 9., 1.],\n",
       "       [4., 6., 5.]])"
      ]
     },
     "execution_count": 571,
     "metadata": {},
     "output_type": "execute_result"
    }
   ],
   "source": [
    "L@U"
   ]
  },
  {
   "cell_type": "code",
   "execution_count": 573,
   "id": "836fe96c-8efc-456e-93dc-1717b77797f5",
   "metadata": {},
   "outputs": [
    {
     "data": {
      "text/plain": [
       "array([[2, 1, 3],\n",
       "       [1, 9, 1],\n",
       "       [4, 6, 5]])"
      ]
     },
     "execution_count": 573,
     "metadata": {},
     "output_type": "execute_result"
    }
   ],
   "source": [
    "A"
   ]
  },
  {
   "cell_type": "markdown",
   "id": "2e2af61c-2a8e-4af6-a417-d015a9cf5a4c",
   "metadata": {},
   "source": [
    "# Q4 d)"
   ]
  },
  {
   "cell_type": "code",
   "execution_count": 576,
   "id": "74e2ec05-3db0-4c8a-86a1-7c8d85cf97f5",
   "metadata": {},
   "outputs": [],
   "source": [
    "import scipy.linalg as spl # SciPy Linear Algebra Library\n",
    "import matplotlib.pyplot as plt\n",
    "\n",
    "P,L,U = spl.lu(A)"
   ]
  },
  {
   "cell_type": "code",
   "execution_count": 578,
   "id": "00b713e2-e390-4b85-aba1-0a412312f7bb",
   "metadata": {},
   "outputs": [
    {
     "data": {
      "text/plain": [
       "array([[ 4.        ,  6.        ,  5.        ],\n",
       "       [ 0.        ,  7.5       , -0.25      ],\n",
       "       [ 0.        ,  0.        ,  0.43333333]])"
      ]
     },
     "execution_count": 578,
     "metadata": {},
     "output_type": "execute_result"
    }
   ],
   "source": [
    "U"
   ]
  },
  {
   "cell_type": "code",
   "execution_count": 580,
   "id": "1429acb7-4136-41f8-b8e7-e6d69a14a088",
   "metadata": {},
   "outputs": [
    {
     "data": {
      "text/plain": [
       "array([[ 1.        ,  0.        ,  0.        ],\n",
       "       [ 0.25      ,  1.        ,  0.        ],\n",
       "       [ 0.5       , -0.26666667,  1.        ]])"
      ]
     },
     "execution_count": 580,
     "metadata": {},
     "output_type": "execute_result"
    }
   ],
   "source": [
    "L"
   ]
  },
  {
   "cell_type": "code",
   "execution_count": 582,
   "id": "2406607e-0e98-435a-aee2-b3a314e0c5d9",
   "metadata": {},
   "outputs": [
    {
     "data": {
      "text/plain": [
       "array([[4., 6., 5.],\n",
       "       [1., 9., 1.],\n",
       "       [2., 1., 3.]])"
      ]
     },
     "execution_count": 582,
     "metadata": {},
     "output_type": "execute_result"
    }
   ],
   "source": [
    "L@U"
   ]
  },
  {
   "cell_type": "code",
   "execution_count": 584,
   "id": "dd1460c6-c6b6-45de-85e4-0722cb5b7aeb",
   "metadata": {},
   "outputs": [
    {
     "data": {
      "text/plain": [
       "array([[4., 6., 5.],\n",
       "       [1., 9., 1.],\n",
       "       [2., 1., 3.]])"
      ]
     },
     "execution_count": 584,
     "metadata": {},
     "output_type": "execute_result"
    }
   ],
   "source": [
    "P@A"
   ]
  },
  {
   "cell_type": "markdown",
   "id": "bfbed8eb-f082-4454-adab-446cd8bb9c16",
   "metadata": {},
   "source": [
    "# Q5 a)\n",
    "## Showing my Workings"
   ]
  },
  {
   "cell_type": "code",
   "execution_count": 587,
   "id": "21d2040e-ef88-4470-acbd-ce564ddd468c",
   "metadata": {},
   "outputs": [],
   "source": [
    "import numpy as np\n",
    "import math\n",
    "import numpy.linalg as npl\n",
    "from numpy.linalg import norm"
   ]
  },
  {
   "cell_type": "code",
   "execution_count": 589,
   "id": "e1845a4e-6ecc-4563-be2a-171472bac28c",
   "metadata": {},
   "outputs": [],
   "source": [
    "A = np.array([[2,1,3],[1,9,1],[4,6,5]])\n",
    "n = 3"
   ]
  },
  {
   "cell_type": "code",
   "execution_count": 591,
   "id": "9be447cc-03c2-477c-ae6d-b40a4ee0565d",
   "metadata": {},
   "outputs": [],
   "source": [
    "(a1, a2, a3) = np.transpose(A)"
   ]
  },
  {
   "cell_type": "code",
   "execution_count": 593,
   "id": "27984aac-46dd-41f5-9d0f-80aca1843516",
   "metadata": {},
   "outputs": [
    {
     "data": {
      "text/plain": [
       "4.58257569495584"
      ]
     },
     "execution_count": 593,
     "metadata": {},
     "output_type": "execute_result"
    }
   ],
   "source": [
    "u1 = a1\n",
    "normu1 = norm(u1)\n",
    "normu1"
   ]
  },
  {
   "cell_type": "code",
   "execution_count": 595,
   "id": "afbd5130-eb63-4e90-b014-30edefe0b6db",
   "metadata": {},
   "outputs": [
    {
     "data": {
      "text/plain": [
       "array([0.43643578, 0.21821789, 0.87287156])"
      ]
     },
     "execution_count": 595,
     "metadata": {},
     "output_type": "execute_result"
    }
   ],
   "source": [
    "q1 = u1/normu1\n",
    "q1"
   ]
  },
  {
   "cell_type": "code",
   "execution_count": 597,
   "id": "7e1ea7a2-1e6d-49c8-b268-6620983ee18f",
   "metadata": {},
   "outputs": [
    {
     "data": {
      "text/plain": [
       "array([-2.33333333,  7.33333333, -0.66666667])"
      ]
     },
     "execution_count": 597,
     "metadata": {},
     "output_type": "execute_result"
    }
   ],
   "source": [
    "u2 = a2 - (a2@u1)/(u1@u1)*u1\n",
    "u2"
   ]
  },
  {
   "cell_type": "code",
   "execution_count": 599,
   "id": "52c3364d-006e-4dab-b159-cd30e1a5f15b",
   "metadata": {},
   "outputs": [
    {
     "data": {
      "text/plain": [
       "array([-0.3020723 ,  0.94937007, -0.08630637])"
      ]
     },
     "execution_count": 599,
     "metadata": {},
     "output_type": "execute_result"
    }
   ],
   "source": [
    "q2 = u2/norm(u2)\n",
    "q2"
   ]
  },
  {
   "cell_type": "code",
   "execution_count": 601,
   "id": "80b730fe-705b-4646-be00-bb822cd0ff85",
   "metadata": {},
   "outputs": [
    {
     "data": {
      "text/plain": [
       "array([ 0.31125299,  0.0830008 , -0.1763767 ])"
      ]
     },
     "execution_count": 601,
     "metadata": {},
     "output_type": "execute_result"
    }
   ],
   "source": [
    "u3 = a3 - (a3@u2/(u2@u2))*u2 - (a3@u1/(u1@u1))*u1\n",
    "u3"
   ]
  },
  {
   "cell_type": "code",
   "execution_count": 603,
   "id": "4442ffb9-a7ce-44cc-a9c4-9d5312155eea",
   "metadata": {},
   "outputs": [
    {
     "data": {
      "text/plain": [
       "array([ 0.84751173,  0.22600313, -0.48025665])"
      ]
     },
     "execution_count": 603,
     "metadata": {},
     "output_type": "execute_result"
    }
   ],
   "source": [
    "q3=u3/norm(u3)\n",
    "q3"
   ]
  },
  {
   "cell_type": "code",
   "execution_count": 605,
   "id": "202c76df-a536-4a4d-86d3-3a1f6db5680b",
   "metadata": {},
   "outputs": [
    {
     "data": {
      "text/plain": [
       "array([[ 0.43643578, -0.3020723 ,  0.84751173],\n",
       "       [ 0.21821789,  0.94937007,  0.22600313],\n",
       "       [ 0.87287156, -0.08630637, -0.48025665]])"
      ]
     },
     "execution_count": 605,
     "metadata": {},
     "output_type": "execute_result"
    }
   ],
   "source": [
    "Q=np.transpose(np.array([q1,q2,q3]))\n",
    "Q"
   ]
  },
  {
   "cell_type": "code",
   "execution_count": 607,
   "id": "05b5ef11-bb1a-452b-9147-37cf9ca6f540",
   "metadata": {},
   "outputs": [
    {
     "data": {
      "text/plain": [
       "array([[ 4.58257569e+00,  7.63762616e+00,  5.89188304e+00],\n",
       "       [-1.66533454e-16,  7.72442015e+00, -3.88378667e-01],\n",
       "       [-8.43769499e-15, -4.44089210e-15,  3.67255084e-01]])"
      ]
     },
     "execution_count": 607,
     "metadata": {},
     "output_type": "execute_result"
    }
   ],
   "source": [
    "R=Q.T@A\n",
    "R"
   ]
  },
  {
   "cell_type": "code",
   "execution_count": 609,
   "id": "5b603124-318b-462e-ab73-0855adf26e0d",
   "metadata": {},
   "outputs": [
    {
     "data": {
      "text/plain": [
       "array([[2., 1., 3.],\n",
       "       [1., 9., 1.],\n",
       "       [4., 6., 5.]])"
      ]
     },
     "execution_count": 609,
     "metadata": {},
     "output_type": "execute_result"
    }
   ],
   "source": [
    "Acheck = Q@R\n",
    "Acheck"
   ]
  },
  {
   "cell_type": "markdown",
   "id": "874121a7-d27d-4d4e-a912-5c45b1638868",
   "metadata": {},
   "source": [
    "# Q5 b)\n",
    "## Showing my Workings"
   ]
  },
  {
   "cell_type": "code",
   "execution_count": 612,
   "id": "ec83b6af-2f9a-41f4-bd21-fcc0e42d0090",
   "metadata": {},
   "outputs": [],
   "source": [
    "A = np.array([[2,1,3],[1,9,1],[4,6,5]])\n",
    "(a1, a2, a3) = np.transpose(A)\n",
    "n = 3"
   ]
  },
  {
   "cell_type": "code",
   "execution_count": 614,
   "id": "f0a90c9b-58b8-48b2-9535-63eedc63f90f",
   "metadata": {},
   "outputs": [
    {
     "data": {
      "text/plain": [
       "array([[ 0.43643578,  0.21821789,  0.87287156],\n",
       "       [ 0.21821789,  0.91550378, -0.33798489],\n",
       "       [ 0.87287156, -0.33798489, -0.35193956]])"
      ]
     },
     "execution_count": 614,
     "metadata": {},
     "output_type": "execute_result"
    }
   ],
   "source": [
    "u1 = a1 - norm(a1)*np.array([1,0,0])\n",
    "v1 = u1/norm(u1)\n",
    "H1 = np.identity(3) - 2*np.outer(v1,v1)\n",
    "H1"
   ]
  },
  {
   "cell_type": "code",
   "execution_count": 616,
   "id": "6712b684-76d7-4e44-b426-4e38bfee6faf",
   "metadata": {},
   "outputs": [
    {
     "data": {
      "text/plain": [
       "array([[ 4.58257569e+00,  7.63762616e+00,  5.89188304e+00],\n",
       "       [-2.22044605e-16,  6.42984255e+00, -1.19766999e-01],\n",
       "       [-4.44089210e-16, -4.28062979e+00,  5.20932003e-01]])"
      ]
     },
     "execution_count": 616,
     "metadata": {},
     "output_type": "execute_result"
    }
   ],
   "source": [
    "A1=H1@A\n",
    "A1"
   ]
  },
  {
   "cell_type": "code",
   "execution_count": 618,
   "id": "1b6229a8-6c5a-4b04-a5c5-2d115cf99523",
   "metadata": {},
   "outputs": [
    {
     "data": {
      "text/plain": [
       "array([[ 1.        ,  0.        ,  0.        ],\n",
       "       [ 0.        ,  0.83240456, -0.55416843],\n",
       "       [ 0.        , -0.55416843, -0.83240456]])"
      ]
     },
     "execution_count": 618,
     "metadata": {},
     "output_type": "execute_result"
    }
   ],
   "source": [
    "a2 = A1[1:,1]\n",
    "#u2 = a2 - (-np.sign(a2[0]))*norm(a2)*np.array([1,0])\n",
    "u2 = a2 - norm(a2)*np.array([1,0])\n",
    "v2 = u2/norm(u2)\n",
    "H2 = np.identity(3)\n",
    "H2[1:,1:] -= 2*np.outer(v2,v2)\n",
    "H2"
   ]
  },
  {
   "cell_type": "code",
   "execution_count": 620,
   "id": "b2858501-f6d9-41ff-b889-0b0568f8a08c",
   "metadata": {},
   "outputs": [
    {
     "data": {
      "text/plain": [
       "array([[ 4.58257569e+00,  7.63762616e+00,  5.89188304e+00],\n",
       "       [ 6.12692790e-17,  7.72442015e+00, -3.88378667e-01],\n",
       "       [ 4.92711993e-16, -8.88178420e-16, -3.67255084e-01]])"
      ]
     },
     "execution_count": 620,
     "metadata": {},
     "output_type": "execute_result"
    }
   ],
   "source": [
    "A2=H2@A1\n",
    "A2"
   ]
  },
  {
   "cell_type": "code",
   "execution_count": 622,
   "id": "f570a2c1-3f97-4101-850a-9e3334a098cf",
   "metadata": {},
   "outputs": [
    {
     "data": {
      "text/plain": [
       "array([[ 1.,  0.,  0.],\n",
       "       [ 0.,  1.,  0.],\n",
       "       [ 0.,  0., -1.]])"
      ]
     },
     "execution_count": 622,
     "metadata": {},
     "output_type": "execute_result"
    }
   ],
   "source": [
    "a3 = A2[2:,2]\n",
    "#u3 = a3 - (-np.sign(a3[0]))*norm(a3)*np.array([1])\n",
    "u3 = a3 - norm(a3)*np.array([1])\n",
    "v3 = u3/norm(u3)\n",
    "H3 = np.identity(3)\n",
    "H3[2:,2:] -= 2*np.outer(v3,v3)\n",
    "H3"
   ]
  },
  {
   "cell_type": "code",
   "execution_count": 624,
   "id": "cc530346-8adb-4756-add1-37f5ef86df82",
   "metadata": {},
   "outputs": [
    {
     "data": {
      "text/plain": [
       "array([[ 4.58257569e+00,  7.63762616e+00,  5.89188304e+00],\n",
       "       [ 6.12692790e-17,  7.72442015e+00, -3.88378667e-01],\n",
       "       [-4.92711993e-16,  8.88178420e-16,  3.67255084e-01]])"
      ]
     },
     "execution_count": 624,
     "metadata": {},
     "output_type": "execute_result"
    }
   ],
   "source": [
    "A3 = H3@A2\n",
    "A3"
   ]
  },
  {
   "cell_type": "code",
   "execution_count": 626,
   "id": "5a4a205e-4dba-4902-b220-1b63ecb8fd80",
   "metadata": {},
   "outputs": [
    {
     "data": {
      "text/plain": [
       "array([[ 4.58257569e+00,  7.63762616e+00,  5.89188304e+00],\n",
       "       [ 6.12692790e-17,  7.72442015e+00, -3.88378667e-01],\n",
       "       [-4.92711993e-16,  8.88178420e-16,  3.67255084e-01]])"
      ]
     },
     "execution_count": 626,
     "metadata": {},
     "output_type": "execute_result"
    }
   ],
   "source": [
    "R=A3\n",
    "R"
   ]
  },
  {
   "cell_type": "code",
   "execution_count": 628,
   "id": "2b841c20-c98e-43bc-9932-50c686402be5",
   "metadata": {},
   "outputs": [
    {
     "data": {
      "text/plain": [
       "array([[ 0.43643578, -0.3020723 ,  0.84751173],\n",
       "       [ 0.21821789,  0.94937007,  0.22600313],\n",
       "       [ 0.87287156, -0.08630637, -0.48025665]])"
      ]
     },
     "execution_count": 628,
     "metadata": {},
     "output_type": "execute_result"
    }
   ],
   "source": [
    "Q = H1.T@H2.T@H3.T\n",
    "Q"
   ]
  },
  {
   "cell_type": "code",
   "execution_count": 630,
   "id": "03218054-ae6c-4558-94d8-94487132b13e",
   "metadata": {},
   "outputs": [
    {
     "data": {
      "text/plain": [
       "array([[2., 1., 3.],\n",
       "       [1., 9., 1.],\n",
       "       [4., 6., 5.]])"
      ]
     },
     "execution_count": 630,
     "metadata": {},
     "output_type": "execute_result"
    }
   ],
   "source": [
    "Acheck = Q@R\n",
    "Acheck"
   ]
  },
  {
   "cell_type": "markdown",
   "id": "c6332b1d-48e2-4d45-8e0e-3a2b90919d51",
   "metadata": {},
   "source": [
    "# Q5 c)"
   ]
  },
  {
   "cell_type": "code",
   "execution_count": 633,
   "id": "0d59483d-98e0-4f45-9434-64979fa03638",
   "metadata": {},
   "outputs": [],
   "source": [
    "(Q,R) = npl.qr(A)"
   ]
  },
  {
   "cell_type": "code",
   "execution_count": 635,
   "id": "54a0e206-5b47-4990-b292-e9ebb2e6fa76",
   "metadata": {},
   "outputs": [
    {
     "data": {
      "text/plain": [
       "array([[-0.43643578,  0.3020723 , -0.84751173],\n",
       "       [-0.21821789, -0.94937007, -0.22600313],\n",
       "       [-0.87287156,  0.08630637,  0.48025665]])"
      ]
     },
     "execution_count": 635,
     "metadata": {},
     "output_type": "execute_result"
    }
   ],
   "source": [
    "Q"
   ]
  },
  {
   "cell_type": "code",
   "execution_count": 637,
   "id": "cdeaeae5-30de-4891-99d0-1d959e2b56ee",
   "metadata": {},
   "outputs": [
    {
     "data": {
      "text/plain": [
       "array([[-4.58257569, -7.63762616, -5.89188304],\n",
       "       [ 0.        , -7.72442015,  0.38837867],\n",
       "       [ 0.        ,  0.        , -0.36725508]])"
      ]
     },
     "execution_count": 637,
     "metadata": {},
     "output_type": "execute_result"
    }
   ],
   "source": [
    "R"
   ]
  },
  {
   "cell_type": "code",
   "execution_count": 639,
   "id": "7224e096-55c2-41ef-86ee-9a4a07f6c555",
   "metadata": {},
   "outputs": [
    {
     "data": {
      "text/plain": [
       "array([[2., 1., 3.],\n",
       "       [1., 9., 1.],\n",
       "       [4., 6., 5.]])"
      ]
     },
     "execution_count": 639,
     "metadata": {},
     "output_type": "execute_result"
    }
   ],
   "source": [
    "Acheck = Q@R\n",
    "Acheck"
   ]
  },
  {
   "cell_type": "markdown",
   "id": "db7b80cf-5fcf-4f3d-9dd8-f5dfece9c741",
   "metadata": {},
   "source": [
    "# Q6 a)\n",
    "## Showing My Workings"
   ]
  },
  {
   "cell_type": "code",
   "execution_count": 642,
   "id": "71decf48-135b-415a-b0d5-c7e28db188af",
   "metadata": {},
   "outputs": [],
   "source": [
    "from numpy.linalg import eig\n",
    "A = np.array([[2,1,3],[1,9,1],[4,6,5]])\n",
    "n=A.shape[0]"
   ]
  },
  {
   "cell_type": "markdown",
   "id": "acc99a69-9941-4df0-8716-da929b048ea9",
   "metadata": {},
   "source": [
    "### First find the eigenvalues and vectors of $A^{T}A$ and the columns of V are these eigenvectors"
   ]
  },
  {
   "cell_type": "code",
   "execution_count": 645,
   "id": "e84ab22a-cfa8-42a1-a066-909c19554b2b",
   "metadata": {},
   "outputs": [
    {
     "data": {
      "text/plain": [
       "array([[ 21,  35,  27],\n",
       "       [ 35, 118,  42],\n",
       "       [ 27,  42,  35]])"
      ]
     },
     "execution_count": 645,
     "metadata": {},
     "output_type": "execute_result"
    }
   ],
   "source": [
    "ATA=A.T@A\n",
    "ATA"
   ]
  },
  {
   "cell_type": "code",
   "execution_count": 647,
   "id": "029dcc63-32d4-44cb-bd7d-11e1319f2ce3",
   "metadata": {},
   "outputs": [
    {
     "name": "stdout",
     "output_type": "stream",
     "text": [
      "lambda3=149.810\n",
      "lambda2=24.143\n",
      "lambda1=0.047\n"
     ]
    }
   ],
   "source": [
    "lambda3 = eig(ATA)[0][0]\n",
    "print(\"lambda3=%0.3f\"%lambda3)\n",
    "lambda2 = eig(ATA)[0][2]\n",
    "print(\"lambda2=%0.3f\"%lambda2)\n",
    "lambda1 = eig(ATA)[0][1]\n",
    "print(\"lambda1=%0.3f\"%lambda1)"
   ]
  },
  {
   "cell_type": "code",
   "execution_count": 649,
   "id": "24a98757-ae11-44f5-833a-cf76e55be2ca",
   "metadata": {},
   "outputs": [
    {
     "name": "stdout",
     "output_type": "stream",
     "text": [
      "eigvector3=array([-0.31674038, -0.86431998, -0.39067442])\n",
      "eigvector2=array([ 0.49601064, -0.50200878,  0.7084918 ])\n",
      "eigvector1=array([-0.80848561,  0.03062929,  0.58771836])\n"
     ]
    }
   ],
   "source": [
    "eigvect3 = eig(ATA)[1][:,0]\n",
    "eigvect3 = eigvect3/norm(eigvect3)\n",
    "print(\"eigvector3=%a\"%eigvect3)\n",
    "eigvect2 = eig(ATA)[1][:,2]\n",
    "eigvect2 = eigvect2/norm(eigvect2)\n",
    "print(\"eigvector2=%a\"%eigvect2)\n",
    "eigvect1 = eig(ATA)[1][:,1]\n",
    "eigvect1 = eigvect1/norm(eigvect1)\n",
    "print(\"eigvector1=%a\"%eigvect1)"
   ]
  },
  {
   "cell_type": "code",
   "execution_count": 651,
   "id": "15334c0b-b59b-4dff-aabe-9fe053b5bd16",
   "metadata": {},
   "outputs": [
    {
     "data": {
      "text/plain": [
       "array([[-0.31674038,  0.49601064, -0.80848561],\n",
       "       [-0.86431998, -0.50200878,  0.03062929],\n",
       "       [-0.39067442,  0.7084918 ,  0.58771836]])"
      ]
     },
     "execution_count": 651,
     "metadata": {},
     "output_type": "execute_result"
    }
   ],
   "source": [
    "V = np.transpose(np.array([eigvect3,eigvect2,eigvect1]))\n",
    "V"
   ]
  },
  {
   "cell_type": "code",
   "execution_count": 653,
   "id": "f4d171b0-7461-4c74-9018-3823ecc8ecc7",
   "metadata": {},
   "outputs": [
    {
     "data": {
      "text/plain": [
       "array([[12.23969994,  0.        ,  0.        ],\n",
       "       [ 0.        ,  4.91355471,  0.        ],\n",
       "       [ 0.        ,  0.        ,  0.21616072]])"
      ]
     },
     "execution_count": 653,
     "metadata": {},
     "output_type": "execute_result"
    }
   ],
   "source": [
    "sigma = np.diag(np.sqrt(np.sort(eig(ATA)[0])[::-1]))\n",
    "sigma"
   ]
  },
  {
   "cell_type": "markdown",
   "id": "15cddb8d-2c89-46e5-aeb4-ab753e26d2a6",
   "metadata": {},
   "source": [
    "####  Since we have $$Av_i=\\sigma_iu_i$$ and so $$u_i=\\frac{1}{\\sigma_i}Av_i$$"
   ]
  },
  {
   "cell_type": "code",
   "execution_count": 656,
   "id": "653d29bb-6ccf-4d57-9160-021975039a86",
   "metadata": {},
   "outputs": [
    {
     "data": {
      "text/plain": [
       "array([[-0.21812822,  0.53230056,  0.81797078],\n",
       "       [-0.69334172, -0.67437462,  0.25396089],\n",
       "       [-0.68680225,  0.51173723, -0.51616632]])"
      ]
     },
     "execution_count": 656,
     "metadata": {},
     "output_type": "execute_result"
    }
   ],
   "source": [
    "u1 = (1/sigma[0,0])*A@V[:,0]\n",
    "u2 = (1/sigma[1,1])*A@V[:,1]\n",
    "u3 = (1/sigma[2,2])*A@V[:,2]\n",
    "U = np.transpose(np.array([u1,u2,u3]))\n",
    "U"
   ]
  },
  {
   "cell_type": "code",
   "execution_count": 658,
   "id": "fb808992-b1c2-4489-b99e-484916f9d14b",
   "metadata": {},
   "outputs": [
    {
     "data": {
      "text/plain": [
       "array([[2., 1., 3.],\n",
       "       [1., 9., 1.],\n",
       "       [4., 6., 5.]])"
      ]
     },
     "execution_count": 658,
     "metadata": {},
     "output_type": "execute_result"
    }
   ],
   "source": [
    "Acheck = U@sigma@V.T\n",
    "Acheck"
   ]
  },
  {
   "cell_type": "markdown",
   "id": "8aa10b3b-33a9-468b-a384-de5c4a48912e",
   "metadata": {},
   "source": [
    "## Can also get the SVD using the eigenvectors of $AA^{T}$ which are the columns of the matrix U"
   ]
  },
  {
   "cell_type": "code",
   "execution_count": 661,
   "id": "ffa1fc05-c582-45b2-bf27-a85251981f1a",
   "metadata": {},
   "outputs": [
    {
     "data": {
      "text/plain": [
       "array([[14, 14, 29],\n",
       "       [14, 83, 63],\n",
       "       [29, 63, 77]])"
      ]
     },
     "execution_count": 661,
     "metadata": {},
     "output_type": "execute_result"
    }
   ],
   "source": [
    "AAT=A@A.T\n",
    "AAT"
   ]
  },
  {
   "cell_type": "code",
   "execution_count": 663,
   "id": "d06d6119-a2e2-40b2-bc80-ac6c031bbd58",
   "metadata": {},
   "outputs": [
    {
     "name": "stdout",
     "output_type": "stream",
     "text": [
      "Eigenvalue 1 = 149.810\n",
      "Eigenvalue 2 = 24.143\n",
      "Eigenvalue 3 = 0.047\n"
     ]
    }
   ],
   "source": [
    "eigval1 = eig(AAT)[0][0]\n",
    "print(\"Eigenvalue 1 = %0.3f\"%eigval1)\n",
    "eigval2 = eig(AAT)[0][2]\n",
    "print(\"Eigenvalue 2 = %0.3f\"%eigval2)\n",
    "eigval3 = eig(AAT)[0][1]\n",
    "print(\"Eigenvalue 3 = %0.3f\"%eigval3)"
   ]
  },
  {
   "cell_type": "code",
   "execution_count": 665,
   "id": "a7125a75-e5b6-4502-a49c-afd8096945eb",
   "metadata": {},
   "outputs": [
    {
     "name": "stdout",
     "output_type": "stream",
     "text": [
      "Eigenvector 1 = array([-0.21812822, -0.69334172, -0.68680225])\n",
      "Eigenvector 2 = array([ 0.53230056, -0.67437462,  0.51173723])\n",
      "Eigenvector 3 = array([-0.81797078, -0.25396089,  0.51616632])\n"
     ]
    }
   ],
   "source": [
    "eigvector1 = eig(AAT)[1][:,0] \n",
    "print(\"Eigenvector 1 = %a\"%eigvector1)\n",
    "eigvector2 = eig(AAT)[1][:,2] \n",
    "print(\"Eigenvector 2 = %a\"%eigvector2)\n",
    "eigvector3 = eig(AAT)[1][:,1] \n",
    "print(\"Eigenvector 3 = %a\"%eigvector3)"
   ]
  },
  {
   "cell_type": "code",
   "execution_count": 667,
   "id": "e20f91da-1c8f-43d4-b1e3-2ca587042b18",
   "metadata": {},
   "outputs": [
    {
     "data": {
      "text/plain": [
       "array([[-0.21812822,  0.53230056, -0.81797078],\n",
       "       [-0.69334172, -0.67437462, -0.25396089],\n",
       "       [-0.68680225,  0.51173723,  0.51616632]])"
      ]
     },
     "execution_count": 667,
     "metadata": {},
     "output_type": "execute_result"
    }
   ],
   "source": [
    "U=np.transpose(np.array([eigvector1,eigvector2,eigvector3]))\n",
    "U"
   ]
  },
  {
   "cell_type": "markdown",
   "id": "8dbd8dec-5c3a-4094-9cfa-6d526110cca6",
   "metadata": {},
   "source": [
    "####  Similarly I commented out the code below but it would also work to find the SVD. Since we have $$A^Tu_i=\\sigma_iv_i$$ and so $$v_i=\\frac{1}{\\sigma_i}A^Tu_i$$"
   ]
  },
  {
   "cell_type": "code",
   "execution_count": 670,
   "id": "719e91fc-fc1b-4625-b27a-8ff6498c36a9",
   "metadata": {},
   "outputs": [
    {
     "data": {
      "text/plain": [
       "array([[-0.31674038,  0.49601064,  0.80848561],\n",
       "       [-0.86431998, -0.50200878, -0.03062929],\n",
       "       [-0.39067442,  0.7084918 , -0.58771836]])"
      ]
     },
     "execution_count": 670,
     "metadata": {},
     "output_type": "execute_result"
    }
   ],
   "source": [
    "v1 = 1/sigma[0,0]*A.T@U[:,0]\n",
    "v2 = 1/sigma[1,1]*A.T@U[:,1] \n",
    "v3 = 1/sigma[2,2]*A.T@U[:,2]\n",
    "V = np.transpose(np.array([v1,v2,v3]))\n",
    "V"
   ]
  },
  {
   "cell_type": "code",
   "execution_count": 672,
   "id": "0e156135-581a-4595-b473-38e932f2ec36",
   "metadata": {},
   "outputs": [
    {
     "data": {
      "text/plain": [
       "array([[2., 1., 3.],\n",
       "       [1., 9., 1.],\n",
       "       [4., 6., 5.]])"
      ]
     },
     "execution_count": 672,
     "metadata": {},
     "output_type": "execute_result"
    }
   ],
   "source": [
    "Acheck = U@sigma@V.T\n",
    "Acheck"
   ]
  },
  {
   "cell_type": "markdown",
   "id": "d2dca0dc-6c18-448f-9bb7-131b0e48eb6b",
   "metadata": {},
   "source": [
    "# Q6 b)"
   ]
  },
  {
   "cell_type": "code",
   "execution_count": 675,
   "id": "8ecd91c4-4e28-47f7-8cc6-f4bc0bebe2a5",
   "metadata": {},
   "outputs": [
    {
     "data": {
      "text/plain": [
       "SVDResult(U=array([[-0.21812822,  0.53230056, -0.81797078],\n",
       "       [-0.69334172, -0.67437462, -0.25396089],\n",
       "       [-0.68680225,  0.51173723,  0.51616632]]), S=array([12.23969994,  4.91355471,  0.21616072]), Vh=array([[-0.31674038, -0.86431998, -0.39067442],\n",
       "       [ 0.49601064, -0.50200878,  0.7084918 ],\n",
       "       [ 0.80848561, -0.03062929, -0.58771836]]))"
      ]
     },
     "execution_count": 675,
     "metadata": {},
     "output_type": "execute_result"
    }
   ],
   "source": [
    "np.linalg.svd(A)"
   ]
  },
  {
   "cell_type": "code",
   "execution_count": 677,
   "id": "e39a9a8d-d8f2-4f33-99e8-f060094b2df2",
   "metadata": {},
   "outputs": [
    {
     "data": {
      "text/plain": [
       "array([[-0.21812822,  0.53230056, -0.81797078],\n",
       "       [-0.69334172, -0.67437462, -0.25396089],\n",
       "       [-0.68680225,  0.51173723,  0.51616632]])"
      ]
     },
     "execution_count": 677,
     "metadata": {},
     "output_type": "execute_result"
    }
   ],
   "source": [
    "U=np.linalg.svd(A)[0]\n",
    "U"
   ]
  },
  {
   "cell_type": "code",
   "execution_count": 679,
   "id": "00fb344e-0559-4870-836d-6634fcd84918",
   "metadata": {},
   "outputs": [
    {
     "data": {
      "text/plain": [
       "array([[12.23969994,  0.        ,  0.        ],\n",
       "       [ 0.        ,  4.91355471,  0.        ],\n",
       "       [ 0.        ,  0.        ,  0.21616072]])"
      ]
     },
     "execution_count": 679,
     "metadata": {},
     "output_type": "execute_result"
    }
   ],
   "source": [
    "Singvals = np.linalg.svd(A)[1]\n",
    "singvals = np.diag(Singvals)\n",
    "singvals"
   ]
  },
  {
   "cell_type": "code",
   "execution_count": 681,
   "id": "25b602e6-8d9a-4e96-b112-645b8e6b5e0e",
   "metadata": {},
   "outputs": [
    {
     "data": {
      "text/plain": [
       "array([[-0.31674038,  0.49601064,  0.80848561],\n",
       "       [-0.86431998, -0.50200878, -0.03062929],\n",
       "       [-0.39067442,  0.7084918 , -0.58771836]])"
      ]
     },
     "execution_count": 681,
     "metadata": {},
     "output_type": "execute_result"
    }
   ],
   "source": [
    "V = np.linalg.svd(A)[2].T\n",
    "V"
   ]
  },
  {
   "cell_type": "code",
   "execution_count": 683,
   "id": "e4f6f725-d3e6-4614-a108-1aa8279f81c3",
   "metadata": {},
   "outputs": [
    {
     "data": {
      "text/plain": [
       "array([[2., 1., 3.],\n",
       "       [1., 9., 1.],\n",
       "       [4., 6., 5.]])"
      ]
     },
     "execution_count": 683,
     "metadata": {},
     "output_type": "execute_result"
    }
   ],
   "source": [
    "Acheck = U@singvals@V.T\n",
    "Acheck"
   ]
  },
  {
   "cell_type": "markdown",
   "id": "f96c9095-9ee0-4f0c-b906-19d4034a7f6b",
   "metadata": {},
   "source": [
    "# Q7 "
   ]
  },
  {
   "cell_type": "markdown",
   "id": "9dbd59ee-7218-4958-8e4e-741e69d04bb6",
   "metadata": {},
   "source": [
    "## a)"
   ]
  },
  {
   "cell_type": "code",
   "execution_count": 687,
   "id": "6af29b32-d567-4207-a2e0-12de5737f7fb",
   "metadata": {},
   "outputs": [
    {
     "name": "stdout",
     "output_type": "stream",
     "text": [
      "A1=array([2, 1, 4])\n",
      "A2=array([1, 9, 6])\n",
      "A3=array([3, 1, 5])\n"
     ]
    }
   ],
   "source": [
    "A = np.array([[2,1,3],[1,9,1],[4,6,5]])\n",
    "A1 = A[:,0]\n",
    "print(\"A1=%a\"%A1)\n",
    "A2 = A[:,1]\n",
    "print(\"A2=%a\"%A2)\n",
    "A3 = A[:,2]\n",
    "print(\"A3=%a\"%A3)"
   ]
  },
  {
   "cell_type": "code",
   "execution_count": 689,
   "id": "9d844ece-93c9-47e3-8637-464c6ce7d858",
   "metadata": {},
   "outputs": [
    {
     "data": {
      "text/plain": [
       "Text(0.5, 0, 'z')"
      ]
     },
     "execution_count": 689,
     "metadata": {},
     "output_type": "execute_result"
    },
    {
     "data": {
